File;ORM_check;ORM_invited;ORM_part_of_risk_asses;IRM_check;IRM_invited;IRM_part_of_risk_asses;Folder;File date
riskjourneytool change3638.xlsm;ORM;No;0;IRM;Yes;nan;Lenen zakelijk/Z_Other/2025-02-11 OT closed using customer data;2025-03-26 13:28:30
