File;ORM_check;ORM_invited;ORM_part_of_risk_asses;IRM_check;IRM_invited;IRM_part_of_risk_asses;Folder;File date
riskjourneytool change3832.xlsm;ORM;No;0;IRM;No;nan;Persoonlijke Lening/Persoonlijke Lening/2025-04-02 Campaign car loan and EV;2025-04-03 09:55:52
