File;ORM_check;ORM_invited_or_challange;IRM_check;IRM_invited_or_challange;Folder;File date
riskjourneytool review .xlsm;ORM;To be invited for challenge;IRM;To be informed;Hypotheken - WUB/WUB Konstant Hypotheek/2025-01-02 Intermediate Review product;2025-03-24 11:29:47
